INPUT LAYER
NEURON
0.99
0
0
0
0
0.5

NEURON
0.01
0
0
0
0
0.5

NEURON
0.01
0
0
0
0
0.5

NEURON
0.01
0
0
0
0
0.5

NEURON
0.99
0
0
0
0
0.5

NEURON
0.01
0
0
0
0
0.5

NEURON
0.01
0
0
0
0
0.5

NEURON
0.01
0
0
0
0
0.5

NEURON
0.01
0
0
0
0
0.5

NEURON
0.01
0
0
0
0
0.5

NEURON
0.01
0
0
0
0
0.5

NEURON
0.99
0
0
0
0
0.5

NEURON
0.01
0
0
0
0
0.5

NEURON
0.99
0
0
0
0
0.5

NEURON
0.01
0
0
0
0
0.5

NEURON
0.01
0
0
0
0
0.5

NEURON
0.01
0
0
0
0
0.5

NEURON
0.01
0
0
0
0
0.5

NEURON
0.01
0
0
0
0
0.5

NEURON
0.01
0
0
0
0
0.5

NEURON
0.99
0
0
0
0
0.5

NEURON
0.01
0
0
0
0
0.5

NEURON
0.01
0
0
0
0
0.5

NEURON
0.01
0
0
0
0
0.5

NEURON
0.01
0
0
0
0
0.5

NEURON
0.01
0
0
0
0
0.5

NEURON
0.01
0
0
0
0
0.5

NEURON
0.01
0
0
0
0
0.5

NEURON
0.99
0
0
0
0
0.5

NEURON
0.01
0
0
0
0
0.5

NEURON
0.01
0
0
0
0
0.5

NEURON
0.01
0
0
0
0
0.5

NEURON
0.01
0
0
0
0
0.5

NEURON
0.01
0
0
0
0
0.5

NEURON
0.01
0
0
0
0
0.5

NEURON
0.01
0
0
0
0
0.5

NEURON
0.01
0
0
0
0
0.5

NEURON
0.01
0
0
0
0
0.5

NEURON
0.01
0
0
0
0
0.5

NEURON
0.99
0
0
0
0
0.5

NEURON
0.01
0
0
0
0
0.5

NEURON
0.01
0
0
0
0
0.5

NEURON
0.01
0
0
0
0
0.5

NEURON
0.01
0
0
0
0
0.5

NEURON
0.01
0
0
0
0
0.5

NEURON
0.01
0
0
0
0
0.5

NEURON
0.99
0
0
0
0
0.5

NEURON
0.01
0
0
0
0
0.5

NEURON
0.01
0
0
0
0
0.5

NEURON
0.01
0
0
0
0
0.5

NEURON
0.01
0
0
0
0
0.5

NEURON
0.01
0
0
0
0
0.5

HIDDEN LAYER
NEURON
0.995713635755972
1.04108234148771E-06
-4.69153985540599E-05
0.734973101871904
input 1
0.99
0.700561711744993
input 2
0.01
0.949292670116477
input 3
0.01
0.0929027038556556
input 4
0.01
0.124159514556961
input 5
0.99
0.380736114022993
input 6
0.01
0.797461920459551
input 7
0.01
0.168589391685975
input 8
0.01
0.757035951543397
input 9
0.01
0.306350480769603
input 10
0.01
0.812339594162274
input 11
0.01
0.885983763811218
input 12
0.99
0.554943715246751
input 13
0.01
0.716248230546875
input 14
0.99
0.66179897412049
input 15
0.01
0.00292556652660823
input 16
0.01
0.991266682788026
input 17
0.01
0.805815828078387
input 18
0.01
0.858257822296749
input 19
0.01
0.0253636690634774
input 20
0.01
0.503436569765965
input 21
0.99
0.52402328057714
input 22
0.01
0.272339381540401
input 23
0.01
0.983231150752962
input 24
0.01
0.690618650979697
input 25
0.01
0.386006070528754
input 26
0.01
0.433848150878191
input 27
0.01
0.674919753320059
input 28
0.01
0.676895896889733
input 29
0.99
0.471639718934123
input 30
0.01
0.243640988109144
input 31
0.01
0.352998333817862
input 32
0.01
0.525766869456446
input 33
0.01
0.168941510124618
input 34
0.01
0.336022613010836
input 35
0.01
0.691209187723375
input 36
0.01
0.347924021566536
input 37
0.01
0.154402342093043
input 38
0.01
0.938755970738857
input 39
0.01
0.0482919310120981
input 40
0.99
0.936159566725273
input 41
0.01
0.487565963892113
input 42
0.01
0.638513201815362
input 43
0.01
0.0463697446223695
input 44
0.01
0.120224432192486
input 45
0.01
0.21431113616862
input 46
0.01
0.0494055683631162
input 47
0.99
0.310667841694025
input 48
0.01
0.538168114144889
input 49
0.01
0.306009952257441
input 50
0.01
0.997405274440304
input 51
0.01
0.875335737209505
input 52
0.01
0.795658511150516
0.734973101871904
0.995713635755972

NEURON
0.990727266594919
-1.75276311745444E-06
7.77449949342289E-05
0.629442051733569
input 1
0.99
0.220293119346773
input 2
0.01
0.100517219556138
input 3
0.01
0.178557856202718
input 4
0.01
0.418325757915838
input 5
0.99
0.95604931716801
input 6
0.01
0.401848617773766
input 7
0.01
0.77316961482002
input 8
0.01
0.936991390856044
input 9
0.01
0.121420080449759
input 10
0.01
0.459371724649264
input 11
0.01
0.320473504978786
input 12
0.99
0.0620281194594866
input 13
0.01
0.469108884552412
input 14
0.99
0.350073790502883
input 15
0.01
0.354161274122373
input 16
0.01
0.36896216657817
input 17
0.01
0.00716543255647566
input 18
0.01
0.618035867743544
input 19
0.01
0.82526358217605
input 20
0.01
0.823813000459813
input 21
0.99
0.773771217147628
input 22
0.01
0.0884114649738763
input 23
0.01
-0.00562314841744412
input 24
0.01
0.885823830554513
input 25
0.01
0.224785608385267
input 26
0.01
0.872527068998311
input 27
0.01
0.475872079708888
input 28
0.01
0.300026809581902
input 29
0.99
0.122498342518842
input 30
0.01
0.125550130060331
input 31
0.01
0.370450509530104
input 32
0.01
0.474548196286552
input 33
0.01
0.368261800430239
input 34
0.01
0.525374661318147
input 35
0.01
0.305591312024886
input 36
0.01
0.0256124952358632
input 37
0.01
0.166472434229102
input 38
0.01
0.229323041044348
input 39
0.01
0.428515243656774
input 40
0.99
0.742852946785789
input 41
0.01
0.175109654857695
input 42
0.01
0.136967017024606
input 43
0.01
0.850678822532945
input 44
0.01
0.994782232718119
input 45
0.01
0.317654603419998
input 46
0.01
0.97350026956603
input 47
0.99
0.651356746440369
input 48
0.01
0.822614857252454
input 49
0.01
0.698842775513212
input 50
0.01
0.941321175163628
input 51
0.01
0.54069701059694
input 52
0.01
0.687588991097316
0.629442051733569
0.990727266594919

NEURON
0.991527270975301
2.56295323662868E-06
-0.000116243163380016
0.419872724124521
input 1
0.99
0.159165495785848
input 2
0.01
0.0190541482912678
input 3
0.01
0.0221377387108041
input 4
0.01
0.122115164078586
input 5
0.99
0.0724810792315922
input 6
0.01
0.292431473338717
input 7
0.01
0.202551893295856
input 8
0.01
0.0737557578753871
input 9
0.01
0.925526551179249
input 10
0.01
0.454812505600939
input 11
0.01
0.824903475441
input 12
0.99
0.993655597275724
input 13
0.01
0.120896982487248
input 14
0.99
0.83483446354422
input 15
0.01
0.674995305903308
input 16
0.01
0.911817154059049
input 17
0.01
0.0538875949182076
input 18
0.01
0.318097844338561
input 19
0.01
0.193140404653435
input 20
0.01
0.725797825064868
input 21
0.99
0.177180737510295
input 22
0.01
0.0832973900001067
input 23
0.01
0.661987562830667
input 24
0.01
0.635998992481741
input 25
0.01
0.237345299512721
input 26
0.01
0.0300731993713807
input 27
0.01
0.567866674825028
input 28
0.01
0.241521055858831
input 29
0.99
0.219543415394752
input 30
0.01
0.621277509323797
input 31
0.01
0.600881481759203
input 32
0.01
0.180371959713932
input 33
0.01
0.585237218741445
input 34
0.01
0.663929357826789
input 35
0.01
0.313386020798421
input 36
0.01
0.321299657096501
input 37
0.01
0.53444954476142
input 38
0.01
0.155483362285106
input 39
0.01
0.984600155564995
input 40
0.99
0.863769650122617
input 41
0.01
0.0594190149206808
input 42
0.01
0.355838857693063
input 43
0.01
0.826716960263314
input 44
0.01
0.701328290206015
input 45
0.01
0.311893872066823
input 46
0.01
0.845980472283188
input 47
0.99
0.872637163959164
input 48
0.01
0.453232569223955
input 49
0.01
0.289831219312196
input 50
0.01
0.738782476914022
input 51
0.01
0.800087319064467
input 52
0.01
0.380575261657865
0.419872724124521
0.991527270975301

NEURON
0.980580156212148
5.21696920237059E-06
-0.000238480266726253
0.338176713642173
input 1
0.99
0.734813653297984
input 2
0.01
0.795798324549873
input 3
0.01
0.508257425291979
input 4
0.01
0.0477512798332171
input 5
0.99
0.334045694388355
input 6
0.01
0.385682045326819
input 7
0.01
0.893106960618199
input 8
0.01
0.0142910539076876
input 9
0.01
0.724025402531717
input 10
0.01
0.949469294879558
input 11
0.01
0.860889914045921
input 12
0.99
0.29958339395056
input 13
0.01
0.872188721854723
input 14
0.99
0.610653097715554
input 15
0.01
0.398621202204887
input 16
0.01
0.437606950332549
input 17
0.01
0.531780034682076
input 18
0.01
0.344215021294109
input 19
0.01
0.347278434122467
input 20
0.01
0.868025092057542
input 21
0.99
0.320145123344798
input 22
0.01
0.32723447801922
input 23
0.01
0.673721241012382
input 24
0.01
0.822712189100479
input 25
0.01
0.255849363705395
input 26
0.01
0.97874738940019
input 27
0.01
0.323648419512671
input 28
0.01
0.382031634292979
input 29
0.99
0.151217742450985
input 30
0.01
0.0954651013225888
input 31
0.01
0.951233135644385
input 32
0.01
0.482131247763982
input 33
0.01
0.820880923933224
input 34
0.01
0.208871608096877
input 35
0.01
0.441012875047452
input 36
0.01
0.748280303278854
input 37
0.01
0.173607996256587
input 38
0.01
0.224201784923337
input 39
0.01
-0.0190402783704389
input 40
0.99
0.114882367406475
input 41
0.01
0.280544690583554
input 42
0.01
0.949172399579558
input 43
0.01
0.149838995854692
input 44
0.01
0.0978122291855971
input 45
0.01
0.494338094152135
input 46
0.01
0.492826634579329
input 47
0.99
0.824678927601514
input 48
0.01
0.656230296644786
input 49
0.01
0.444457427004964
input 50
0.01
0.43597200918795
input 51
0.01
0.939471293343381
input 52
0.01
0.94500534852308
0.338176713642173
0.980580156212148

NEURON
0.971067006750712
9.08426728290326E-06
-0.000413501208503657
0.887639173242389
input 1
0.99
0.354753731553749
input 2
0.01
0.920234717757514
input 3
0.01
0.0557286533721022
input 4
0.01
0.401740311304527
input 5
0.99
0.104072840105731
input 6
0.01
0.684932481716785
input 7
0.01
0.820379411548893
input 8
0.01
0.349459441013923
input 9
0.01
0.0612983511285987
input 10
0.01
0.466192117846724
input 11
0.01
0.888013110344268
input 12
0.99
0.621431579633572
input 13
0.01
0.00887568099181941
input 14
0.99
0.362571642579378
input 15
0.01
0.437945513461754
input 16
0.01
0.651624058934914
input 17
0.01
0.202449185302653
input 18
0.01
0.620432679264971
input 19
0.01
0.254294658066828
input 20
0.01
0.251257243924602
input 21
0.99
0.326741832099225
input 22
0.01
0.227931425447507
input 23
0.01
0.553677493343709
input 24
0.01
0.374294551164013
input 25
0.01
0.176680338443802
input 26
0.01
0.585999803325125
input 27
0.01
0.327761340473631
input 28
0.01
0.73319720454473
input 29
0.99
0.143107547595636
input 30
0.01
0.655704937080125
input 31
0.01
0.936961452813299
input 32
0.01
0.718567560661812
input 33
0.01
0.155463748584215
input 34
0.01
-0.0386357271909104
input 35
0.01
0.120195130308212
input 36
0.01
0.846343426707182
input 37
0.01
0.163229537568967
input 38
0.01
-0.0151326049716153
input 39
0.01
0.6684121273158
input 40
0.99
0.472415132344495
input 41
0.01
0.414266016427515
input 42
0.01
0.651057916431213
input 43
0.01
0.0861144051291213
input 44
0.01
0.76912822636013
input 45
0.01
0.060390481188107
input 46
0.01
0.511961949700082
input 47
0.99
0.082028527420914
input 48
0.01
0.0711726144602238
input 49
0.01
0.0392462992226552
input 50
0.01
0.176118253246899
input 51
0.01
0.463990214397159
input 52
0.01
0.823255939692807
0.887639173242389
0.971067006750712

NEURON
0.965917172321637
4.62230142079911E-06
-0.000212603368911277
0.0942360915863339
input 1
0.99
0.167313077668766
input 2
0.01
0.642965956432532
input 3
0.01
0.610975125631109
input 4
0.01
0.0992156919555332
input 5
0.99
0.317381456280266
input 6
0.01
0.680715342842644
input 7
0.01
0.232894979702264
input 8
0.01
0.490466422629899
input 9
0.01
0.35594784595769
input 10
0.01
0.0541597675265415
input 11
0.01
0.208380247571019
input 12
0.99
0.399760055111338
input 13
0.01
0.572865054751486
input 14
0.99
0.131219108746319
input 15
0.01
0.439338838461744
input 16
0.01
0.00163353833868656
input 17
0.01
0.257232022133568
input 18
0.01
0.581702505051288
input 19
0.01
0.453849662475559
input 20
0.01
0.140364976012554
input 21
0.99
0.937934852280117
input 22
0.01
0.774869708712886
input 23
0.01
0.849127898498063
input 24
0.01
0.6813787341574
input 25
0.01
0.140189910311841
input 26
0.01
0.827978878209626
input 27
0.01
0.31318531061046
input 28
0.01
0.65494132725127
input 29
0.99
0.492632689753338
input 30
0.01
0.211114670890442
input 31
0.01
0.693232145956628
input 32
0.01
0.972684112838125
input 33
0.01
0.191118483528353
input 34
0.01
0.0814689040731354
input 35
0.01
0.546223469806276
input 36
0.01
0.446349209653479
input 37
0.01
0.393310606839287
input 38
0.01
0.953922505213379
input 39
0.01
0.544163496021397
input 40
0.99
0.444304269110291
input 41
0.01
0.795118784444264
input 42
0.01
0.152980199162641
input 43
0.01
0.130712255438459
input 44
0.01
0.325946933680692
input 45
0.01
0.441852904604018
input 46
0.01
0.64711355354982
input 47
0.99
0.19133454766788
input 48
0.01
0.85932107693301
input 49
0.01
0.048532838032166
input 50
0.01
0.0850754520397874
input 51
0.01
0.857366587907981
input 52
0.01
0.456719029915192
0.0942360915863339
0.965917172321637

NEURON
0.990064222134217
2.51324853147949E-06
-0.000115665044850757
0.602799849417522
input 1
0.99
0.685714900216425
input 2
0.01
0.290861440696333
input 3
0.01
0.880373426395753
input 4
0.01
0.393335932800854
input 5
0.99
0.759678491148487
input 6
0.01
0.928960984278097
input 7
0.01
0.990696872928352
input 8
0.01
0.490295141915614
input 9
0.01
0.366808041517846
input 10
0.01
0.520324047322515
input 11
0.01
0.0262935093904511
input 12
0.99
0.141905311018343
input 13
0.01
0.392718414697309
input 14
0.99
0.230376139738817
input 15
0.01
0.155622030106176
input 16
0.01
0.458956746855996
input 17
0.01
0.621867913315122
input 18
0.01
0.959456603693633
input 19
0.01
0.605326477616135
input 20
0.01
0.212444203054765
input 21
0.99
0.00159585928572456
input 22
0.01
0.0052082731590807
input 23
0.01
0.319420583066549
input 24
0.01
0.788525494852458
input 25
0.01
0.643235899133984
input 26
0.01
0.553155056662575
input 27
0.01
0.238890422357771
input 28
0.01
0.46004786756741
input 29
0.99
0.629796364507082
input 30
0.01
0.421624393281199
input 31
0.01
0.605773082023491
input 32
0.01
0.41112807944853
input 33
0.01
0.353617211706867
input 34
0.01
0.178665121937769
input 35
0.01
0.284410847687463
input 36
0.01
0.839727539489452
input 37
0.01
0.231974688814789
input 38
0.01
0.0920718867180224
input 39
0.01
0.746757893922777
input 40
0.99
0.459617515656964
input 41
0.01
0.995517729983551
input 42
0.01
0.0839394538300924
input 43
0.01
0.114365270618629
input 44
0.01
0.216457801298252
input 45
0.01
0.126134634746412
input 46
0.01
0.983284154651039
input 47
0.99
0.931578504690243
input 48
0.01
0.1490275351329
input 49
0.01
0.466742167205073
input 50
0.01
0.735745847771868
input 51
0.01
0.268418958274021
input 52
0.01
0.088524179312754
0.602799849417522
0.990064222134217

NEURON
0.986412736314541
8.59022227256925E-07
-4.02419014692248E-05
0.0267439234291297
input 1
0.99
0.475240536927251
input 2
0.01
0.587023421183834
input 3
0.01
0.452517067478409
input 4
0.01
0.639404049152295
input 5
0.99
0.912401342464226
input 6
0.01
0.0911647861308621
input 7
0.01
0.751545688459989
input 8
0.01
0.165420856580864
input 9
0.01
0.689124085768269
input 10
0.01
0.506937049034631
input 11
0.01
0.860487599977648
input 12
0.99
0.943164481307633
input 13
0.01
0.971366553739479
input 14
0.99
0.570912759283346
input 15
0.01
0.76678201631973
input 16
0.01
0.15596532176754
input 17
0.01
0.949966734437385
input 18
0.01
0.312732630740391
input 19
0.01
0.183809402914184
input 20
0.01
0.448341077312338
input 21
0.99
0.208193503623347
input 22
0.01
0.143106090157006
input 23
0.01
0.250619342324475
input 24
0.01
0.918979569951658
input 25
0.01
0.889967618456507
input 26
0.01
0.15920607631909
input 27
0.01
0.661707714693614
input 28
0.01
0.656876468125338
input 29
0.99
0.617743313806371
input 30
0.01
0.0317038241647593
input 31
0.01
0.992622554949903
input 32
0.01
0.89537368123124
input 33
0.01
0.152608873113472
input 34
0.01
0.493642601537215
input 35
0.01
0.934012876046955
input 36
0.01
0.700250677991994
input 37
0.01
0.782366426998539
input 38
0.01
0.578471447332616
input 39
0.01
0.943003236466619
input 40
0.99
0.0965960773272575
input 41
0.01
0.397117301260771
input 42
0.01
0.540858689201594
input 43
0.01
0.774183803318284
input 44
0.01
0.464542164215551
input 45
0.01
0.222720970223192
input 46
0.01
0.126708141764089
input 47
0.99
0.243502728029282
input 48
0.01
0.487998310826581
input 49
0.01
0.19533413815946
input 50
0.01
0.776696370530395
input 51
0.01
0.255542503974316
input 52
0.01
0.153278652835431
0.0267439234291297
0.986412736314541

NEURON
0.994545977656306
2.07196987458105E-06
-9.40672148401332E-05
0.228383566240756
input 1
0.99
0.506944638627371
input 2
0.01
0.796020457535566
input 3
0.01
0.878315955918935
input 4
0.01
0.310540326024251
input 5
0.99
0.311225928225474
input 6
0.01
0.532714298818167
input 7
0.01
0.790761929237015
input 8
0.01
0.731601145399144
input 9
0.01
0.428549066248912
input 10
0.01
0.0368671864507733
input 11
0.01
0.588136303621913
input 12
0.99
0.655035699586227
input 13
0.01
0.536606689808747
input 14
0.99
0.940944218991135
input 15
0.01
0.733826265087243
input 16
0.01
0.453848030588103
input 17
0.01
0.679646209773949
input 18
0.01
0.0232113051499674
input 19
0.01
0.350705092630073
input 20
0.01
0.290095957973779
input 21
0.99
0.325048656999902
input 22
0.01
0.0855096747728953
input 23
0.01
0.0164744650732666
input 24
0.01
0.667655398558239
input 25
0.01
0.36796952098565
input 26
0.01
0.807984896489918
input 27
0.01
0.695435401019883
input 28
0.01
0.720202774254274
input 29
0.99
0.912304570571942
input 30
0.01
0.149878242917607
input 31
0.01
0.460719131257293
input 32
0.01
0.841367527412462
input 33
0.01
0.775601452221483
input 34
0.01
0.781408104635461
input 35
0.01
0.386033994434922
input 36
0.01
0.276513053440512
input 37
0.01
0.637201742894884
input 38
0.01
0.543267620740823
input 39
0.01
0.430327225616879
input 40
0.99
0.22560570586857
input 41
0.01
0.810040184783342
input 42
0.01
0.230949876581332
input 43
0.01
0.710568477840002
input 44
0.01
0.301915129745855
input 45
0.01
0.951759133574946
input 46
0.01
0.0947087835361422
input 47
0.99
0.92573266490937
input 48
0.01
0.200354399410201
input 49
0.01
0.377102201158267
input 50
0.01
0.789705661137026
input 51
0.01
0.830312004808987
input 52
0.01
0.171159581004753
0.228383566240756
0.994545977656306

NEURON
0.99431529046755
1.60437098347004E-07
-8.32748211554037E-06
0.308028805762826
input 1
0.99
0.403051530714274
input 2
0.01
0.907724510827267
input 3
0.01
0.826273569748227
input 4
0.01
0.414230881622641
input 5
0.99
0.721633211164203
input 6
0.01
0.210275980733757
input 7
0.01
0.963865325270783
input 8
0.01
0.496036949503725
input 9
0.01
0.836788280292474
input 10
0.01
0.0413438239441186
input 11
0.01
0.83939490691853
input 12
0.99
0.277668625844509
input 13
0.01
0.63300564448146
input 14
0.99
0.737717291912681
input 15
0.01
0.851695473155072
input 16
0.01
0.69749939481679
input 17
0.01
0.577872148975964
input 18
0.01
0.435058690802048
input 19
0.01
0.807949129083042
input 20
0.01
0.0498474532003412
input 21
0.99
0.570169192122945
input 22
0.01
0.123367820450103
input 23
0.01
0.508155055881374
input 24
0.01
0.0951459999558392
input 25
0.01
0.374354605346828
input 26
0.01
0.771157790326415
input 27
0.01
0.715511688356354
input 28
0.01
0.251091023084577
input 29
0.99
0.880020252888671
input 30
0.01
0.43747778533344
input 31
0.01
0.342715996469066
input 32
0.01
0.123646128972189
input 33
0.01
0.319266467961434
input 34
0.01
0.260461427693292
input 35
0.01
0.437954436252165
input 36
0.01
0.830860098268639
input 37
0.01
0.0121951382334973
input 38
0.01
0.934584254727578
input 39
0.01
0.625379090193842
input 40
0.99
0.418397706425752
input 41
0.01
0.636677272440543
input 42
0.01
0.948007724681235
input 43
0.01
0.412111931198621
input 44
0.01
0.739632830443367
input 45
0.01
0.39160901511751
input 46
0.01
0.424084974821238
input 47
0.99
0.668677491962864
input 48
0.01
0.176715433514833
input 49
0.01
0.236066499826823
input 50
0.01
0.229517096752369
input 51
0.01
0.679648894659374
input 52
0.01
0.942097555810925
0.308028805762826
0.99431529046755

NEURON
0.991914500946336
-8.24515088844401E-07
3.51670780558068E-05
0.971097671921828
input 1
0.99
0.973606390961305
input 2
0.01
0.751893266685739
input 3
0.01
0.600823084869356
input 4
0.01
0.269021069793696
input 5
0.99
0.370624488487241
input 6
0.01
0.730937249599011
input 7
0.01
0.0475148692089728
input 8
0.01
0.939812780367314
input 9
0.01
0.494353598500586
input 10
0.01
0.705188044115225
input 11
0.01
0.623662072290059
input 12
0.99
0.398975568044315
input 13
0.01
0.727353068173112
input 14
0.99
0.704629431242167
input 15
0.01
0.951327479793079
input 16
0.01
0.343536844274114
input 17
0.01
0.308239443136972
input 18
0.01
0.0124897270042094
input 19
0.01
0.674101610608906
input 20
0.01
0.606457126233159
input 21
0.99
0.801196878312755
input 22
0.01
0.389051537442061
input 23
0.01
0.434400975009493
input 24
0.01
0.622386753149061
input 25
0.01
0.710962062669736
input 26
0.01
0.79684343621781
input 27
0.01
0.703346664644955
input 28
0.01
0.942030023522239
input 29
0.99
0.101833271936476
input 30
0.01
0.509672015032397
input 31
0.01
0.0148342030643803
input 32
0.01
0.650728441843652
input 33
0.01
0.757744611359564
input 34
0.01
0.393029648096661
input 35
0.01
0.150002573918102
input 36
0.01
0.548870365286511
input 37
0.01
0.68813545131299
input 38
0.01
0.150327024080912
input 39
0.01
0.486381408091071
input 40
0.99
0.270438839242748
input 41
0.01
0.915874549845657
input 42
0.01
0.682933621657997
input 43
0.01
0.932494578151744
input 44
0.01
0.923887679420661
input 45
0.01
0.324349588631365
input 46
0.01
0.00210776649532731
input 47
0.99
0.0124446131365993
input 48
0.01
0.668656021236629
input 49
0.01
0.473510754280978
input 50
0.01
0.325456683441293
input 51
0.01
0.897193472550357
input 52
0.01
0.223580709062802
0.971097671921828
0.991914500946336

NEURON
0.99716454940993
-3.91332144156704E-07
1.69987894619869E-05
0.666503725474914
input 1
0.99
0.544317362752754
input 2
0.01
0.0655357418457428
input 3
0.01
0.140822396636273
input 4
0.01
0.580140778274999
input 5
0.99
0.309909739345132
input 6
0.01
0.978204894757809
input 7
0.01
0.567886162343006
input 8
0.01
0.569366977025187
input 9
0.01
0.0266333203836444
input 10
0.01
0.0876951693070673
input 11
0.01
0.848594897313204
input 12
0.99
0.984284302772957
input 13
0.01
0.697624382844835
input 14
0.99
0.968525811868671
input 15
0.01
0.623365513342985
input 16
0.01
0.32648031001363
input 17
0.01
0.565324446872377
input 18
0.01
0.391220884071183
input 19
0.01
0.650103522480912
input 20
0.01
0.131667389677335
input 21
0.99
0.515036312772307
input 22
0.01
0.403610607754141
input 23
0.01
0.680404573108169
input 24
0.01
0.118072920025243
input 25
0.01
0.456112321595602
input 26
0.01
0.517576824606083
input 27
0.01
0.297805727555209
input 28
0.01
0.697838439422468
input 29
0.99
0.784173642785233
input 30
0.01
0.0263349064698085
input 31
0.01
0.468287832278775
input 32
0.01
0.77618625186567
input 33
0.01
0.612467479202998
input 34
0.01
0.773456644670696
input 35
0.01
0.106185882358781
input 36
0.01
0.669421337191171
input 37
0.01
0.258607342488969
input 38
0.01
0.546861062588228
input 39
0.01
0.253018462823904
input 40
0.99
0.705701994891777
input 41
0.01
0.589164832838306
input 42
0.01
0.923406064897383
input 43
0.01
0.253736164030379
input 44
0.01
0.809915012974142
input 45
0.01
0.834066170613196
input 46
0.01
0.943548139299714
input 47
0.99
0.226141606232077
input 48
0.01
0.333809429047453
input 49
0.01
0.371579012497946
input 50
0.01
0.685519648992117
input 51
0.01
0.110457493000759
input 52
0.01
0.0820173164781945
0.666503725474914
0.99716454940993

NEURON
0.933379131384868
5.4368756013615E-06
-0.000255488884531577
0.621029725463357
input 1
0.99
0.663613796685646
input 2
0.01
0.746663509799324
input 3
0.01
0.708020420192598
input 4
0.01
0.0979422599890864
input 5
0.99
0.360817075086208
input 6
0.01
0.0222192602827634
input 7
0.01
0.127423346200586
input 8
0.01
0.749568419729525
input 9
0.01
0.679783518841287
input 10
0.01
0.866772952699401
input 11
0.01
0.788934213525898
input 12
0.99
-0.00658428543954953
input 13
0.01
0.636655733800646
input 14
0.99
0.0234730424827866
input 15
0.01
0.367982069473644
input 16
0.01
0.905938091407061
input 17
0.01
0.865986094796871
input 18
0.01
0.948677594333119
input 19
0.01
0.0245577706058751
input 20
0.01
0.996006931783912
input 21
0.99
0.127230001349577
input 22
0.01
0.944644495868272
input 23
0.01
0.556927217056702
input 24
0.01
0.591052674547176
input 25
0.01
0.149210209325078
input 26
0.01
0.887311555441927
input 27
0.01
0.283476533083778
input 28
0.01
0.508023428085119
input 29
0.99
0.284733894090511
input 30
0.01
0.945815237778051
input 31
0.01
0.325729210596251
input 32
0.01
0.0980764204653666
input 33
0.01
0.916073024748706
input 34
0.01
0.382403936041934
input 35
0.01
0.105524994531272
input 36
0.01
0.819366256564425
input 37
0.01
0.0820872091193993
input 38
0.01
0.961671891460031
input 39
0.01
0.281884858365482
input 40
0.99
0.187879527483601
input 41
0.01
0.437027729369093
input 42
0.01
0.464657864333282
input 43
0.01
0.0291804299386458
input 44
0.01
0.717958484873647
input 45
0.01
0.133642855677434
input 46
0.01
0.210952049068984
input 47
0.99
0.166425019256971
input 48
0.01
0.758022382369502
input 49
0.01
0.575490431245958
input 50
0.01
0.319193144061073
input 51
0.01
0.484559750924924
input 52
0.01
0.422072422470777
0.621029725463357
0.933379131384868

NEURON
0.994535770845118
3.01594624446032E-07
-1.46383598825902E-05
0.277931687422157
input 1
0.99
0.617737434713269
input 2
0.01
0.110558879414104
input 3
0.01
0.948098963834592
input 4
0.01
0.721303866016421
input 5
0.99
0.185746618719874
input 6
0.01
0.116796638671882
input 7
0.01
0.990560255926421
input 8
0.01
0.475840084843327
input 9
0.01
0.738518028850035
input 10
0.01
0.606794347544268
input 11
0.01
0.500631875392545
input 12
0.99
0.733086769792802
input 13
0.01
0.544343016630399
input 14
0.99
0.686491689686047
input 15
0.01
0.071004170232618
input 16
0.01
0.250516126676728
input 17
0.01
0.966182327614452
input 18
0.01
0.506306370291271
input 19
0.01
0.819961977193969
input 20
0.01
0.888241996501416
input 21
0.99
0.623952503693489
input 22
0.01
0.830374103227074
input 23
0.01
0.549938195952059
input 24
0.01
0.668619494997454
input 25
0.01
0.915064758278018
input 26
0.01
0.841999970569476
input 27
0.01
0.4572387118962
input 28
0.01
0.89603414967119
input 29
0.99
0.714014760637884
input 30
0.01
0.521893088934951
input 31
0.01
0.932361889865619
input 32
0.01
0.971588108010599
input 33
0.01
0.461169811912628
input 34
0.01
0.891193986199295
input 35
0.01
0.480044784514456
input 36
0.01
0.789644068605628
input 37
0.01
0.437775746643498
input 38
0.01
0.368122851107813
input 39
0.01
0.675221360969992
input 40
0.99
0.961369008460806
input 41
0.01
0.974801860073224
input 42
0.01
0.844706904803002
input 43
0.01
0.497901296275824
input 44
0.01
0.817673287897243
input 45
0.01
0.964213991321924
input 46
0.01
0.29185846544802
input 47
0.99
0.173455285076019
input 48
0.01
0.430852477018993
input 49
0.01
0.169802907268626
input 50
0.01
0.922087159238066
input 51
0.01
0.795364420566613
input 52
0.01
0.0693720633358714
0.277931687422157
0.994535770845118

NEURON
0.986845260469186
3.49227906637597E-06
-0.000157830737708376
0.597762379925412
input 1
0.99
0.493049080349258
input 2
0.01
0.58404177853635
input 3
0.01
0.797707025599346
input 4
0.01
0.771474161356803
input 5
0.99
0.545554176794354
input 6
0.01
0.279189669923296
input 7
0.01
0.809360065537144
input 8
0.01
0.327857478021006
input 9
0.01
0.659194292470376
input 10
0.01
0.08453002818728
input 11
0.01
0.764766114454891
input 12
0.99
0.213600726219956
input 13
0.01
0.68666255439551
input 14
0.99
0.510187380832516
input 15
0.01
0.262577692733712
input 16
0.01
0.640318134584549
input 17
0.01
0.210352102658692
input 18
0.01
0.277532119233691
input 19
0.01
0.796469780196206
input 20
0.01
0.575611886645781
input 21
0.99
0.824597404824113
input 22
0.01
0.8578745575759
input 23
0.01
0.915985155292954
input 24
0.01
0.779438003595473
input 25
0.01
0.331933606057334
input 26
0.01
0.744038603415548
input 27
0.01
0.704115704761689
input 28
0.01
0.619431901812106
input 29
0.99
0.665287670159577
input 30
0.01
0.0137309056192611
input 31
0.01
0.725941443488722
input 32
0.01
0.792120006104804
input 33
0.01
0.726292460829905
input 34
0.01
0.853189559066465
input 35
0.01
0.475645524005988
input 36
0.01
0.851053663746852
input 37
0.01
0.105296329306978
input 38
0.01
0.682246851548151
input 39
0.01
0.241172892431703
input 40
0.99
0.139664589605877
input 41
0.01
0.570853946331171
input 42
0.01
0.33458661004258
input 43
0.01
0.305887386145765
input 44
0.01
0.879854068522211
input 45
0.01
0.0795322994939689
input 46
0.01
0.265076089586061
input 47
0.99
0.128345430524446
input 48
0.01
0.425541063450239
input 49
0.01
0.0228252041127672
input 50
0.01
0.53296146127608
input 51
0.01
0.232383578458796
input 52
0.01
0.891862297180792
0.597762379925412
0.986845260469186

NEURON
0.988218856212809
2.79751874720936E-06
-0.000128090126146541
0.677951047241354
input 1
0.99
0.106763954400076
input 2
0.01
0.209669278456243
input 3
0.01
0.241790694186866
input 4
0.01
0.632353978923671
input 5
0.99
0.655966832218313
input 6
0.01
0.0178887624204903
input 7
0.01
0.454919382854904
input 8
0.01
0.79869502952912
input 9
0.01
0.574620619862742
input 10
0.01
0.159553746036894
input 11
0.01
0.675786110311215
input 12
0.99
0.642797304260553
input 13
0.01
0.367968195644691
input 14
0.99
0.965141488806929
input 15
0.01
0.459594427091728
input 16
0.01
0.823495507081304
input 17
0.01
0.0527281848787326
input 18
0.01
0.395237761157708
input 19
0.01
0.529818729499799
input 20
0.01
0.487836966509383
input 21
0.99
0.0176983294919671
input 22
0.01
0.654013753597199
input 23
0.01
-0.0160192487091766
input 24
0.01
0.49211554799936
input 25
0.01
0.551520151731835
input 26
0.01
0.0450118937567262
input 27
0.01
0.699525444518122
input 28
0.01
0.0506450840335879
input 29
0.99
0.610628837614249
input 30
0.01
0.268610827463143
input 31
0.01
0.596226438115956
input 32
0.01
0.134430962101325
input 33
0.01
0.781040902968549
input 34
0.01
0.803717653343238
input 35
0.01
0.682686268559545
input 36
0.01
0.481172845956429
input 37
0.01
0.620365527460634
input 38
0.01
0.807754448550168
input 39
0.01
0.213157630091124
input 40
0.99
0.0798863220652546
input 41
0.01
0.236617368645821
input 42
0.01
0.453163420416523
input 43
0.01
0.583066751410318
input 44
0.01
0.380674726430209
input 45
0.01
0.658329779478443
input 46
0.01
0.655408241557598
input 47
0.99
0.509465491712412
input 48
0.01
0.0768144970930323
input 49
0.01
0.79102452357956
input 50
0.01
0.30677745587651
input 51
0.01
0.381852626868022
input 52
0.01
0.627116722702137
0.677951047241354
0.988218856212809

OUTPUT LAYER
NEURON
0.000147953221684401
1.44665403014851E-06
0.000145331597712893
0.0122575257093657
input 1
0.995713635755972
-0.0881104855430258
input 2
0.990727266594919
-0.380627468806834
input 3
0.991527270975301
-0.220622082930199
input 4
0.980580156212148
-0.606931741224191
input 5
0.971067006750712
-0.895143547484034
input 6
0.965917172321637
-0.328019706854411
input 7
0.990064222134217
-1.00454286001798
input 8
0.986412736314541
-0.468919754417891
input 9
0.994545977656306
-0.761202463436879
input 10
0.99431529046755
-0.689528087647324
input 11
0.991914500946336
-0.903839738162198
input 12
0.99716454940993
-0.791224837720561
input 13
0.933379131384868
-0.481287119790496
input 14
0.994535770845118
-0.555936906792318
input 15
0.986845260469186
-0.228633747465764
input 16
0.988218856212809
-0.559470823600993
0.0122575257093657
0.000147953221684401

NEURON
0.105771276770158
-0.000648847570041636
0.0291202529913911
0.00454669849408607
input 1
0.995713635755972
-0.293738655366534
input 2
0.990727266594919
0.375136437499251
input 3
0.991527270975301
-0.390246538227928
input 4
0.980580156212148
-0.345088020505708
input 5
0.971067006750712
-0.424338879670857
input 6
0.965917172321637
-0.138407412727881
input 7
0.990064222134217
-0.315307020449499
input 8
0.986412736314541
-0.017872465953704
input 9
0.994545977656306
-0.509075737519465
input 10
0.99431529046755
0.0371216465865886
input 11
0.991914500946336
0.238668556532745
input 12
0.99716454940993
0.294337427388288
input 13
0.933379131384868
-0.0595154058898886
input 14
0.994535770845118
-0.00470747519030001
input 15
0.986845260469186
-0.334678919158177
input 16
0.988218856212809
-0.291302059310215
0.00454669849408607
0.105771276770158

NEURON
6.68232512238805E-05
6.61155903530685E-07
6.58886083032059E-05
0.0115098783936792
input 1
0.995713635755972
-0.275432992842389
input 2
0.990727266594919
-0.20617850289021
input 3
0.991527270975301
-1.03461122635526
input 4
0.980580156212148
-1.06286901933127
input 5
0.971067006750712
-0.210636289619046
input 6
0.965917172321637
-0.923040021813522
input 7
0.990064222134217
-0.850646698215002
input 8
0.986412736314541
-0.287017300133225
input 9
0.994545977656306
-0.406786127242241
input 10
0.99431529046755
-0.568696355441895
input 11
0.991914500946336
-0.405122843915359
input 12
0.99716454940993
-0.345166516821959
input 13
0.933379131384868
-0.882680236246975
input 14
0.994535770845118
-0.899927373734088
input 15
0.986845260469186
-0.383688604027512
input 16
0.988218856212809
-1.05572042246633
0.0115098783936792
6.68232512238805E-05


